1111111111111111111111111111111111111111
1                  22                  1
1                  22                  1
1                  22                  1
1                  22                  1
1  1111            22                  1
1  1               22            2222221
1  1               22                  1
1  1111            22                  1
1                  22      1           1
1                  22      1           1
1                  22      1           1
1                  22      1           1
1           1111111111111111           1
1                                      1
1                                      1
1                                      1
1                                      1
111111      111111    111111      111111
111111      111111    111111      111111
111111      111111    111111      111111
111111      111111    111111      111111
1                                      1
1                                      1
1                                      1
1                                      1
1           1111111111111111           1
1           1      22                  1
1           1      22                  1
1           1      22                  1
1           1      22                  1
1                  22          1111    1
1                  22             1    1
1                  22             1    1
1222222            22          1111    1
1                  22                  1
1                  22                  1
1                  22                  1
1                  22                  1
1111111111111111111111111111111111111111